service_id,date,exception_type
91170,20270117,2
91170,20270102,2
91170,20261117,2
91170,20270101,2
91170,20260501,2
91170,20260504,2
91170,20260623,2
91170,20260624,2
91170,20261118,2
91170,20261224,2
91170,20261225,2
91170,20261226,2
91170,20261231,2
91171,20270117,2
91171,20270102,2
91171,20261117,2
91171,20270101,2
91171,20260501,2
91171,20260504,2
91171,20260623,2
91171,20260624,2
91171,20261118,2
91171,20261224,2
91171,20261225,2
91171,20261226,2
91171,20261231,2
91173,20270117,1
91173,20270102,1
91173,20261117,1
91173,20270101,1
91173,20260501,1
91173,20260504,1
91173,20260623,1
91173,20260624,1
91173,20261118,1
91173,20261224,1
91173,20261225,1
91173,20261226,1
91173,20261231,1
91062,20270117,2
91062,20270102,2
91062,20261117,2
91062,20270101,2
91062,20260501,2
91062,20260504,2
91062,20260623,2
91062,20260624,2
91062,20261118,2
91062,20261224,2
91062,20261225,2
91062,20261226,2
91062,20261231,2
91065,20270117,1
91065,20270102,1
91065,20261117,1
91065,20270101,1
91065,20260501,1
91065,20260504,1
91065,20260623,1
91065,20260624,1
91065,20261118,1
91065,20261224,1
91065,20261225,1
91065,20261226,1
91065,20261231,1
84864,20270117,2
84864,20270102,2
84864,20261117,2
84864,20270101,2
84864,20260501,2
84864,20260504,2
84864,20260623,2
84864,20260624,2
84864,20261118,2
84864,20261224,2
84864,20261225,2
84864,20261226,2
84864,20261231,2
84715,20270117,1
84715,20270102,1
84715,20261117,1
84715,20270101,1
84715,20260501,1
84715,20260504,1
84715,20260623,1
84715,20260624,1
84715,20261118,1
84715,20261224,1
84715,20261225,1
84715,20261226,1
84715,20261231,1
90513,20270117,2
90513,20270102,2
90513,20261117,2
90513,20270101,2
90513,20260501,2
90513,20260504,2
90513,20260623,2
90513,20260624,2
90513,20261118,2
90513,20261224,2
90513,20261225,2
90513,20261226,2
90513,20261231,2
90514,20270117,1
90514,20270102,1
90514,20261117,1
90514,20270101,1
90514,20260501,1
90514,20260504,1
90514,20260623,1
90514,20260624,1
90514,20261118,1
90514,20261224,1
90514,20261225,1
90514,20261226,1
90514,20261231,1
84865,20270117,2
84865,20270102,2
84865,20261117,2
84865,20270101,2
84865,20260501,2
84865,20260504,2
84865,20260623,2
84865,20260624,2
84865,20261118,2
84865,20261224,2
84865,20261225,2
84865,20261226,2
84865,20261231,2
86469,20270117,1
86469,20270102,1
86469,20261117,1
86469,20270101,1
86469,20260501,1
86469,20260504,1
86469,20260623,1
86469,20260624,1
86469,20261118,1
86469,20261224,1
86469,20261225,1
86469,20261226,1
86469,20261231,1
91770,20270117,2
91770,20270102,2
91770,20261117,2
91770,20270101,2
91770,20260501,2
91770,20260504,2
91770,20260623,2
91770,20260624,2
91770,20261118,2
91770,20261224,2
91770,20261225,2
91770,20261226,2
91770,20261231,2
85728,20270117,1
85728,20270102,1
85728,20261117,1
85728,20270101,1
85728,20260501,1
85728,20260504,1
85728,20260623,1
85728,20260624,1
85728,20261118,1
85728,20261224,1
85728,20261225,1
85728,20261226,1
85728,20261231,1
90515,20270117,2
90515,20270102,2
90515,20261117,2
90515,20270101,2
90515,20260501,2
90515,20260504,2
90515,20260623,2
90515,20260624,2
90515,20261118,2
90515,20261224,2
90515,20261225,2
90515,20261226,2
90515,20261231,2
90516,20270117,1
90516,20270102,1
90516,20261117,1
90516,20270101,1
90516,20260501,1
90516,20260504,1
90516,20260623,1
90516,20260624,1
90516,20261118,1
90516,20261224,1
90516,20261225,1
90516,20261226,1
90516,20261231,1
86165,20270117,2
86165,20270102,2
86165,20261117,2
86165,20270101,2
86165,20260501,2
86165,20260504,2
86165,20260623,2
86165,20260624,2
86165,20261118,2
86165,20261224,2
86165,20261225,2
86165,20261226,2
86165,20261231,2
86471,20270117,1
86471,20270102,1
86471,20261117,1
86471,20270101,1
86471,20260501,1
86471,20260504,1
86471,20260623,1
86471,20260624,1
86471,20261118,1
86471,20261224,1
86471,20261225,1
86471,20261226,1
86471,20261231,1
91179,20270117,2
91179,20270102,2
91179,20261117,2
91179,20270101,2
91179,20260501,2
91179,20260504,2
91179,20260623,2
91179,20260624,2
91179,20261118,2
91179,20261224,2
91179,20261225,2
91179,20261226,2
91179,20261231,2
91180,20270117,1
91180,20270102,1
91180,20261117,1
91180,20270101,1
91180,20260501,1
91180,20260504,1
91180,20260623,1
91180,20260624,1
91180,20261118,1
91180,20261224,1
91180,20261225,1
91180,20261226,1
91180,20261231,1
69155,20270117,2
69155,20270102,2
69155,20261117,2
69155,20270101,2
69155,20260501,2
69155,20260504,2
69155,20260623,2
69155,20260624,2
69155,20261118,2
69155,20261224,2
69155,20261225,2
69155,20261226,2
69155,20261231,2
89506,20270117,1
89506,20270102,1
89506,20261117,1
89506,20270101,1
89506,20260501,1
89506,20260504,1
89506,20260623,1
89506,20260624,1
89506,20261118,1
89506,20261224,1
89506,20261225,1
89506,20261226,1
89506,20261231,1
91063,20270117,2
91063,20270102,2
91063,20261117,2
91063,20270101,2
91063,20260501,2
91063,20260504,2
91063,20260623,2
91063,20260624,2
91063,20261118,2
91063,20261224,2
91063,20261225,2
91063,20261226,2
91063,20261231,2
91066,20270117,1
91066,20270102,1
91066,20261117,1
91066,20270101,1
91066,20260501,1
91066,20260504,1
91066,20260623,1
91066,20260624,1
91066,20261118,1
91066,20261224,1
91066,20261225,1
91066,20261226,1
91066,20261231,1
91188,20270117,2
91188,20270102,2
91188,20261117,2
91188,20270101,2
91188,20260501,2
91188,20260504,2
91188,20260623,2
91188,20260624,2
91188,20261118,2
91188,20261224,2
91188,20261225,2
91188,20261226,2
91188,20261231,2
80764,20270117,1
80764,20270102,1
80764,20261117,1
80764,20270101,1
80764,20260501,1
80764,20260504,1
80764,20260623,1
80764,20260624,1
80764,20261118,1
80764,20261224,1
80764,20261225,1
80764,20261226,1
80764,20261231,1
91189,20270117,2
91189,20270102,2
91189,20261117,2
91189,20270101,2
91189,20260501,2
91189,20260504,2
91189,20260623,2
91189,20260624,2
91189,20261118,2
91189,20261224,2
91189,20261225,2
91189,20261226,2
91189,20261231,2
91174,20270117,2
91174,20270102,2
91174,20261117,2
91174,20270101,2
91174,20260501,2
91174,20260504,2
91174,20260623,2
91174,20260624,2
91174,20261118,2
91174,20261224,2
91174,20261225,2
91174,20261226,2
91174,20261231,2
91175,20270117,1
91175,20270102,1
91175,20261117,1
91175,20270101,1
91175,20260501,1
91175,20260504,1
91175,20260623,1
91175,20260624,1
91175,20261118,1
91175,20261224,1
91175,20261225,1
91175,20261226,1
91175,20261231,1
77633,20270117,2
77633,20270102,2
77633,20261117,2
77633,20270101,2
77633,20260501,2
77633,20260504,2
77633,20260623,2
77633,20260624,2
77633,20261118,2
77633,20261224,2
77633,20261225,2
77633,20261226,2
77633,20261231,2
85733,20270117,1
85733,20270102,1
85733,20261117,1
85733,20270101,1
85733,20260501,1
85733,20260504,1
85733,20260623,1
85733,20260624,1
85733,20261118,1
85733,20261224,1
85733,20261225,1
85733,20261226,1
85733,20261231,1
91176,20270117,2
91176,20270102,2
91176,20261117,2
91176,20270101,2
91176,20260501,2
91176,20260504,2
91176,20260623,2
91176,20260624,2
91176,20261118,2
91176,20261224,2
91176,20261225,2
91176,20261226,2
91176,20261231,2
91177,20270117,1
91177,20270102,1
91177,20261117,1
91177,20270101,1
91177,20260501,1
91177,20260504,1
91177,20260623,1
91177,20260624,1
91177,20261118,1
91177,20261224,1
91177,20261225,1
91177,20261226,1
91177,20261231,1
91773,20270117,2
91773,20270102,2
91773,20261117,2
91773,20270101,2
91773,20260501,2
91773,20260504,2
91773,20260623,2
91773,20260624,2
91773,20261118,2
91773,20261224,2
91773,20261225,2
91773,20261226,2
91773,20261231,2
91772,20270117,2
91772,20270102,2
91772,20261117,2
91772,20270101,2
91772,20260501,2
91772,20260504,2
91772,20260623,2
91772,20260624,2
91772,20261118,2
91772,20261224,2
91772,20261225,2
91772,20261226,2
91772,20261231,2
91774,20270117,2
91774,20270102,2
91774,20261117,2
91774,20270101,2
91774,20260501,2
91774,20260504,2
91774,20260623,2
91774,20260624,2
91774,20261118,2
91774,20261224,2
91774,20261225,2
91774,20261226,2
91774,20261231,2
90522,20270117,1
90522,20270102,1
90522,20261117,1
90522,20270101,1
90522,20260501,1
90522,20260504,1
90522,20260623,1
90522,20260624,1
90522,20261118,1
90522,20261224,1
90522,20261225,1
90522,20261226,1
90522,20261231,1
77444,20270117,2
77444,20270102,2
77444,20261117,2
77444,20270101,2
77444,20260501,2
77444,20260504,2
77444,20260623,2
77444,20260624,2
77444,20261118,2
77444,20261224,2
77444,20261225,2
77444,20261226,2
77444,20261231,2
85745,20270117,1
85745,20270102,1
85745,20261117,1
85745,20270101,1
85745,20260501,1
85745,20260504,1
85745,20260623,1
85745,20260624,1
85745,20261118,1
85745,20261224,1
85745,20261225,1
85745,20261226,1
85745,20261231,1
91182,20270117,2
91182,20270102,2
91182,20261117,2
91182,20270101,2
91182,20260501,2
91182,20260504,2
91182,20260623,2
91182,20260624,2
91182,20261118,2
91182,20261224,2
91182,20261225,2
91182,20261226,2
91182,20261231,2
91184,20270117,1
91184,20270102,1
91184,20261117,1
91184,20270101,1
91184,20260501,1
91184,20260504,1
91184,20260623,1
91184,20260624,1
91184,20261118,1
91184,20261224,1
91184,20261225,1
91184,20261226,1
91184,20261231,1
91185,20270117,1
91185,20270102,1
91185,20261117,1
91185,20270101,1
91185,20260501,1
91185,20260504,1
91185,20260623,1
91185,20260624,1
91185,20261118,1
91185,20261224,1
91185,20261225,1
91185,20261226,1
91185,20261231,1
91178,20270117,1
91178,20270102,1
91178,20261117,1
91178,20270101,1
91178,20260501,1
91178,20260504,1
91178,20260623,1
91178,20260624,1
91178,20261118,1
91178,20261224,1
91178,20261225,1
91178,20261226,1
91178,20261231,1
84868,20270117,2
84868,20270102,2
84868,20261117,2
84868,20270101,2
84868,20260501,2
84868,20260504,2
84868,20260623,2
84868,20260624,2
84868,20261118,2
84868,20261224,2
84868,20261225,2
84868,20261226,2
84868,20261231,2
89510,20270117,1
89510,20270102,1
89510,20261117,1
89510,20270101,1
89510,20260501,1
89510,20260504,1
89510,20260623,1
89510,20260624,1
89510,20261118,1
89510,20261224,1
89510,20261225,1
89510,20261226,1
89510,20261231,1
91181,20270117,2
91181,20270102,2
91181,20261117,2
91181,20270101,2
91181,20260501,2
91181,20260504,2
91181,20260623,2
91181,20260624,2
91181,20261118,2
91181,20261224,2
91181,20261225,2
91181,20261226,2
91181,20261231,2
91183,20270117,2
91183,20270102,2
91183,20261117,2
91183,20270101,2
91183,20260501,2
91183,20260504,2
91183,20260623,2
91183,20260624,2
91183,20261118,2
91183,20261224,2
91183,20261225,2
91183,20261226,2
91183,20261231,2
91070,20270117,2
91070,20270102,2
91070,20261117,2
91070,20270101,2
91070,20260501,2
91070,20260504,2
91070,20260623,2
91070,20260624,2
91070,20261118,2
91070,20261224,2
91070,20261225,2
91070,20261226,2
91070,20261231,2
60703,20270117,1
60703,20270102,1
60703,20261117,1
60703,20270101,1
60703,20260501,1
60703,20260504,1
60703,20260623,1
60703,20260624,1
60703,20261118,1
60703,20261224,1
60703,20261225,1
60703,20261226,1
60703,20261231,1
91186,20270117,2
91186,20270102,2
91186,20261117,2
91186,20270101,2
91186,20260501,2
91186,20260504,2
91186,20260623,2
91186,20260624,2
91186,20261118,2
91186,20261224,2
91186,20261225,2
91186,20261226,2
91186,20261231,2
91187,20270117,1
91187,20270102,1
91187,20261117,1
91187,20270101,1
91187,20260501,1
91187,20260504,1
91187,20260623,1
91187,20260624,1
91187,20261118,1
91187,20261224,1
91187,20261225,1
91187,20261226,1
91187,20261231,1
91771,20270117,2
91771,20270102,2
91771,20261117,2
91771,20270101,2
91771,20260501,2
91771,20260504,2
91771,20260623,2
91771,20260624,2
91771,20261118,2
91771,20261224,2
91771,20261225,2
91771,20261226,2
91771,20261231,2
91190,20270117,1
91190,20270102,1
91190,20261117,1
91190,20270101,1
91190,20260501,1
91190,20260504,1
91190,20260623,1
91190,20260624,1
91190,20261118,1
91190,20261224,1
91190,20261225,1
91190,20261226,1
91190,20261231,1
73158,20270117,2
73158,20270102,2
73158,20261117,2
73158,20270101,2
73158,20260501,2
73158,20260504,2
73158,20260623,2
73158,20260624,2
73158,20261118,2
73158,20261224,2
73158,20261225,2
73158,20261226,2
73158,20261231,2
73159,20270117,1
73159,20270102,1
73159,20261117,1
73159,20270101,1
73159,20260501,1
73159,20260504,1
73159,20260623,1
73159,20260624,1
73159,20261118,1
73159,20261224,1
73159,20261225,1
73159,20261226,1
73159,20261231,1
62368,20270117,2
62368,20270102,2
62368,20261117,2
62368,20270101,2
62368,20260501,2
62368,20260504,2
62368,20260623,2
62368,20260624,2
62368,20261118,2
62368,20261224,2
62368,20261225,2
62368,20261226,2
62368,20261231,2
91191,20270117,2
91191,20270102,2
91191,20261117,2
91191,20270101,2
91191,20260501,2
91191,20260504,2
91191,20260623,2
91191,20260624,2
91191,20261118,2
91191,20261224,2
91191,20261225,2
91191,20261226,2
91191,20261231,2
91064,20270117,1
91064,20270102,1
91064,20261117,1
91064,20270101,1
91064,20260501,1
91064,20260504,1
91064,20260623,1
91064,20260624,1
91064,20261118,1
91064,20261224,1
91064,20261225,1
91064,20261226,1
91064,20261231,1
91775,20270117,2
91775,20270102,2
91775,20261117,2
91775,20270101,2
91775,20260501,2
91775,20260504,2
91775,20260623,2
91775,20260624,2
91775,20261118,2
91775,20261224,2
91775,20261225,2
91775,20261226,2
91775,20261231,2
89512,20270117,1
89512,20270102,1
89512,20261117,1
89512,20270101,1
89512,20260501,1
89512,20260504,1
89512,20260623,1
89512,20260624,1
89512,20261118,1
89512,20261224,1
89512,20261225,1
89512,20261226,1
89512,20261231,1
84872,20270117,2
84872,20270102,2
84872,20261117,2
84872,20270101,2
84872,20260501,2
84872,20260504,2
84872,20260623,2
84872,20260624,2
84872,20261118,2
84872,20261224,2
84872,20261225,2
84872,20261226,2
84872,20261231,2
84873,20270117,2
84873,20270102,2
84873,20261117,2
84873,20270101,2
84873,20260501,2
84873,20260504,2
84873,20260623,2
84873,20260624,2
84873,20261118,2
84873,20261224,2
84873,20261225,2
84873,20261226,2
84873,20261231,2
89514,20270117,1
89514,20270102,1
89514,20261117,1
89514,20270101,1
89514,20260501,1
89514,20260504,1
89514,20260623,1
89514,20260624,1
89514,20261118,1
89514,20261224,1
89514,20261225,1
89514,20261226,1
89514,20261231,1
89515,20270117,1
89515,20270102,1
89515,20261117,1
89515,20270101,1
89515,20260501,1
89515,20260504,1
89515,20260623,1
89515,20260624,1
89515,20261118,1
89515,20261224,1
89515,20261225,1
89515,20261226,1
89515,20261231,1
89513,20270117,1
89513,20270102,1
89513,20261117,1
89513,20270101,1
89513,20260501,1
89513,20260504,1
89513,20260623,1
89513,20260624,1
89513,20261118,1
89513,20261224,1
89513,20261225,1
89513,20261226,1
89513,20261231,1
91776,20270117,2
91776,20270102,2
91776,20261117,2
91776,20270101,2
91776,20260501,2
91776,20260504,2
91776,20260623,2
91776,20260624,2
91776,20261118,2
91776,20261224,2
91776,20261225,2
91776,20261226,2
91776,20261231,2
85741,20270117,1
85741,20270102,1
85741,20261117,1
85741,20270101,1
85741,20260501,1
85741,20260504,1
85741,20260623,1
85741,20260624,1
85741,20261118,1
85741,20261224,1
85741,20261225,1
85741,20261226,1
85741,20261231,1
80757,20270117,2
80757,20270102,2
80757,20261117,2
80757,20270101,2
80757,20260501,2
80757,20260504,2
80757,20260623,2
80757,20260624,2
80757,20261118,2
80757,20261224,2
80757,20261225,2
80757,20261226,2
80757,20261231,2
76149,20270117,1
76149,20270102,1
76149,20261117,1
76149,20270101,1
76149,20260501,1
76149,20260504,1
76149,20260623,1
76149,20260624,1
76149,20261118,1
76149,20261224,1
76149,20261225,1
76149,20261226,1
76149,20261231,1
71415,20270117,1
71415,20270102,1
71415,20261117,1
71415,20270101,1
71415,20260501,1
71415,20260504,1
71415,20260623,1
71415,20260624,1
71415,20261118,1
71415,20261224,1
71415,20261225,1
71415,20261226,1
71415,20261231,1
86472,20270117,1
86472,20270102,1
86472,20261117,1
86472,20270101,1
86472,20260501,1
86472,20260504,1
86472,20260623,1
86472,20260624,1
86472,20261118,1
86472,20261224,1
86472,20261225,1
86472,20261226,1
86472,20261231,1
93059,20270117,2
93059,20270102,2
93059,20261117,2
93059,20270101,2
93059,20260501,2
93059,20260504,2
93059,20260623,2
93059,20260624,2
93059,20261118,2
93059,20261224,2
93059,20261225,2
93059,20261226,2
93059,20261231,2
91072,20270117,2
91072,20270102,2
91072,20261117,2
91072,20270101,2
91072,20260501,2
91072,20260504,2
91072,20260623,2
91072,20260624,2
91072,20261118,2
91072,20261224,2
91072,20261225,2
91072,20261226,2
91072,20261231,2
91073,20270117,2
91073,20270102,2
91073,20261117,2
91073,20270101,2
91073,20260501,2
91073,20260504,2
91073,20260623,2
91073,20260624,2
91073,20261118,2
91073,20261224,2
91073,20261225,2
91073,20261226,2
91073,20261231,2
91071,20270117,1
91071,20270102,1
91071,20261117,1
91071,20270101,1
91071,20260501,1
91071,20260504,1
91071,20260623,1
91071,20260624,1
91071,20261118,1
91071,20261224,1
91071,20261225,1
91071,20261226,1
91071,20261231,1
91193,20270117,2
91193,20270102,2
91193,20261117,2
91193,20270101,2
91193,20260501,2
91193,20260504,2
91193,20260623,2
91193,20260624,2
91193,20261118,2
91193,20261224,2
91193,20261225,2
91193,20261226,2
91193,20261231,2
91194,20270117,1
91194,20270102,1
91194,20261117,1
91194,20270101,1
91194,20260501,1
91194,20260504,1
91194,20260623,1
91194,20260624,1
91194,20261118,1
91194,20261224,1
91194,20261225,1
91194,20261226,1
91194,20261231,1
77641,20270117,2
77641,20270102,2
77641,20261117,2
77641,20270101,2
77641,20260501,2
77641,20260504,2
77641,20260623,2
77641,20260624,2
77641,20261118,2
77641,20261224,2
77641,20261225,2
77641,20261226,2
77641,20261231,2
77642,20270117,2
77642,20270102,2
77642,20261117,2
77642,20270101,2
77642,20260501,2
77642,20260504,2
77642,20260623,2
77642,20260624,2
77642,20261118,2
77642,20261224,2
77642,20261225,2
77642,20261226,2
77642,20261231,2
89516,20270117,1
89516,20270102,1
89516,20261117,1
89516,20270101,1
89516,20260501,1
89516,20260504,1
89516,20260623,1
89516,20260624,1
89516,20261118,1
89516,20261224,1
89516,20261225,1
89516,20261226,1
89516,20261231,1
85744,20270117,1
85744,20270102,1
85744,20261117,1
85744,20270101,1
85744,20260501,1
85744,20260504,1
85744,20260623,1
85744,20260624,1
85744,20261118,1
85744,20261224,1
85744,20261225,1
85744,20261226,1
85744,20261231,1
91777,20270117,2
91777,20270102,2
91777,20261117,2
91777,20270101,2
91777,20260501,2
91777,20260504,2
91777,20260623,2
91777,20260624,2
91777,20261118,2
91777,20261224,2
91777,20261225,2
91777,20261226,2
91777,20261231,2
91768,20270117,2
91768,20270102,2
91768,20261117,2
91768,20270101,2
91768,20260501,2
91768,20260504,2
91768,20260623,2
91768,20260624,2
91768,20261118,2
91768,20261224,2
91768,20261225,2
91768,20261226,2
91768,20261231,2
91769,20270117,1
91769,20270102,1
91769,20261117,1
91769,20270101,1
91769,20260501,1
91769,20260504,1
91769,20260623,1
91769,20260624,1
91769,20261118,1
91769,20261224,1
91769,20261225,1
91769,20261226,1
91769,20261231,1
84874,20270117,2
84874,20270102,2
84874,20261117,2
84874,20270101,2
84874,20260501,2
84874,20260504,2
84874,20260623,2
84874,20260624,2
84874,20261118,2
84874,20261224,2
84874,20261225,2
84874,20261226,2
84874,20261231,2
85729,20270117,1
85729,20270102,1
85729,20261117,1
85729,20270101,1
85729,20260501,1
85729,20260504,1
85729,20260623,1
85729,20260624,1
85729,20261118,1
85729,20261224,1
85729,20261225,1
85729,20261226,1
85729,20261231,1
92229,20270117,2
92229,20270102,2
92229,20261117,2
92229,20270101,2
92229,20260501,2
92229,20260504,2
92229,20260623,2
92229,20260624,2
92229,20261118,2
92229,20261224,2
92229,20261225,2
92229,20261226,2
92229,20261231,2
92230,20270117,1
92230,20270102,1
92230,20261117,1
92230,20270101,1
92230,20260501,1
92230,20260504,1
92230,20260623,1
92230,20260624,1
92230,20261118,1
92230,20261224,1
92230,20261225,1
92230,20261226,1
92230,20261231,1
47255,20270117,2
47255,20270102,2
47255,20261117,2
47255,20270101,2
47255,20260501,2
47255,20260504,2
47255,20260623,2
47255,20260624,2
47255,20261118,2
47255,20261224,2
47255,20261225,2
47255,20261226,2
47255,20261231,2
91172,20270117,2
91172,20270102,2
91172,20261117,2
91172,20270101,2
91172,20260501,2
91172,20260504,2
91172,20260623,2
91172,20260624,2
91172,20261118,2
91172,20261224,2
91172,20261225,2
91172,20261226,2
91172,20261231,2
91195,20270117,1
91195,20270102,1
91195,20261117,1
91195,20270101,1
91195,20260501,1
91195,20260504,1
91195,20260623,1
91195,20260624,1
91195,20261118,1
91195,20261224,1
91195,20261225,1
91195,20261226,1
91195,20261231,1
47254,20270117,2
47254,20270102,2
47254,20261117,2
47254,20270101,2
47254,20260501,2
47254,20260504,2
47254,20260623,2
47254,20260624,2
47254,20261118,2
47254,20261224,2
47254,20261225,2
47254,20261226,2
47254,20261231,2
78945,20270117,2
78945,20270102,2
78945,20261117,2
78945,20270101,2
78945,20260501,2
78945,20260504,2
78945,20260623,2
78945,20260624,2
78945,20261118,2
78945,20261224,2
78945,20261225,2
78945,20261226,2
78945,20261231,2
77665,20270117,2
77665,20270102,2
77665,20261117,2
77665,20270101,2
77665,20260501,2
77665,20260504,2
77665,20260623,2
77665,20260624,2
77665,20261118,2
77665,20261224,2
77665,20261225,2
77665,20261226,2
77665,20261231,2
89518,20270117,1
89518,20270102,1
89518,20261117,1
89518,20270101,1
89518,20260501,1
89518,20260504,1
89518,20260623,1
89518,20260624,1
89518,20261118,1
89518,20261224,1
89518,20261225,1
89518,20261226,1
89518,20261231,1
83220,20270117,2
83220,20270102,2
83220,20261117,2
83220,20270101,2
83220,20260501,2
83220,20260504,2
83220,20260623,2
83220,20260624,2
83220,20261118,2
83220,20261224,2
83220,20261225,2
83220,20261226,2
83220,20261231,2
89517,20270117,1
89517,20270102,1
89517,20261117,1
89517,20270101,1
89517,20260501,1
89517,20260504,1
89517,20260623,1
89517,20260624,1
89517,20261118,1
89517,20261224,1
89517,20261225,1
89517,20261226,1
89517,20261231,1
87140,20270117,2
87140,20270102,2
87140,20261117,2
87140,20270101,2
87140,20260501,2
87140,20260504,2
87140,20260623,2
87140,20260624,2
87140,20261118,2
87140,20261224,2
87140,20261225,2
87140,20261226,2
87140,20261231,2
89520,20270117,1
89520,20270102,1
89520,20261117,1
89520,20270101,1
89520,20260501,1
89520,20260504,1
89520,20260623,1
89520,20260624,1
89520,20261118,1
89520,20261224,1
89520,20261225,1
89520,20261226,1
89520,20261231,1
83222,20270117,2
83222,20270102,2
83222,20261117,2
83222,20270101,2
83222,20260501,2
83222,20260504,2
83222,20260623,2
83222,20260624,2
83222,20261118,2
83222,20261224,2
83222,20261225,2
83222,20261226,2
83222,20261231,2
83217,20270117,1
83217,20270102,1
83217,20261117,1
83217,20270101,1
83217,20260501,1
83217,20260504,1
83217,20260623,1
83217,20260624,1
83217,20261118,1
83217,20261224,1
83217,20261225,1
83217,20261226,1
83217,20261231,1
75410,20270117,2
75410,20270102,2
75410,20261117,2
75410,20270101,2
75410,20260501,2
75410,20260504,2
75410,20260623,2
75410,20260624,2
75410,20261118,2
75410,20261224,2
75410,20261225,2
75410,20261226,2
75410,20261231,2
85770,20270117,1
85770,20270102,1
85770,20261117,1
85770,20270101,1
85770,20260501,1
85770,20260504,1
85770,20260623,1
85770,20260624,1
85770,20261118,1
85770,20261224,1
85770,20261225,1
85770,20261226,1
85770,20261231,1
87138,20270117,2
87138,20270102,2
87138,20261117,2
87138,20270101,2
87138,20260501,2
87138,20260504,2
87138,20260623,2
87138,20260624,2
87138,20261118,2
87138,20261224,2
87138,20261225,2
87138,20261226,2
87138,20261231,2
89519,20270117,1
89519,20270102,1
89519,20261117,1
89519,20270101,1
89519,20260501,1
89519,20260504,1
89519,20260623,1
89519,20260624,1
89519,20261118,1
89519,20261224,1
89519,20261225,1
89519,20261226,1
89519,20261231,1
83223,20270117,2
83223,20270102,2
83223,20261117,2
83223,20270101,2
83223,20260501,2
83223,20260504,2
83223,20260623,2
83223,20260624,2
83223,20261118,2
83223,20261224,2
83223,20261225,2
83223,20261226,2
83223,20261231,2
83216,20270117,1
83216,20270102,1
83216,20261117,1
83216,20270101,1
83216,20260501,1
83216,20260504,1
83216,20260623,1
83216,20260624,1
83216,20261118,1
83216,20261224,1
83216,20261225,1
83216,20261226,1
83216,20261231,1
79326,20270117,2
79326,20270102,2
79326,20261117,2
79326,20270101,2
79326,20260501,2
79326,20260504,2
79326,20260623,2
79326,20260624,2
79326,20261118,2
79326,20261224,2
79326,20261225,2
79326,20261226,2
79326,20261231,2
86746,20270117,2
86746,20270102,2
86746,20261117,2
86746,20270101,2
86746,20260501,2
86746,20260504,2
86746,20260623,2
86746,20260624,2
86746,20261118,2
86746,20261224,2
86746,20261225,2
86746,20261226,2
86746,20261231,2
86745,20270117,2
86745,20270102,2
86745,20261117,2
86745,20270101,2
86745,20260501,2
86745,20260504,2
86745,20260623,2
86745,20260624,2
86745,20261118,2
86745,20261224,2
86745,20261225,2
86745,20261226,2
86745,20261231,2
86747,20270117,1
86747,20270102,1
86747,20261117,1
86747,20270101,1
86747,20260501,1
86747,20260504,1
86747,20260623,1
86747,20260624,1
86747,20261118,1
86747,20261224,1
86747,20261225,1
86747,20261226,1
86747,20261231,1
90524,20270117,2
90524,20270102,2
90524,20261117,2
90524,20270101,2
90524,20260501,2
90524,20260504,2
90524,20260623,2
90524,20260624,2
90524,20261118,2
90524,20261224,2
90524,20261225,2
90524,20261226,2
90524,20261231,2
90523,20270117,1
90523,20270102,1
90523,20261117,1
90523,20270101,1
90523,20260501,1
90523,20260504,1
90523,20260623,1
90523,20260624,1
90523,20261118,1
90523,20261224,1
90523,20261225,1
90523,20261226,1
90523,20261231,1
80090,20270117,2
80090,20270102,2
80090,20261117,2
80090,20270101,2
80090,20260501,2
80090,20260504,2
80090,20260623,2
80090,20260624,2
80090,20261118,2
80090,20261224,2
80090,20261225,2
80090,20261226,2
80090,20261231,2
80091,20270117,1
80091,20270102,1
80091,20261117,1
80091,20270101,1
80091,20260501,1
80091,20260504,1
80091,20260623,1
80091,20260624,1
80091,20261118,1
80091,20261224,1
80091,20261225,1
80091,20261226,1
80091,20261231,1
85759,20270117,2
85759,20270102,2
85759,20261117,2
85759,20270101,2
85759,20260501,2
85759,20260504,2
85759,20260623,2
85759,20260624,2
85759,20261118,2
85759,20261224,2
85759,20261225,2
85759,20261226,2
85759,20261231,2
89521,20270117,1
89521,20270102,1
89521,20261117,1
89521,20270101,1
89521,20260501,1
89521,20260504,1
89521,20260623,1
89521,20260624,1
89521,20261118,1
89521,20261224,1
89521,20261225,1
89521,20261226,1
89521,20261231,1
72383,20270117,2
72383,20270102,2
72383,20261117,2
72383,20270101,2
72383,20260501,2
72383,20260504,2
72383,20260623,2
72383,20260624,2
72383,20261118,2
72383,20261224,2
72383,20261225,2
72383,20261226,2
72383,20261231,2
90525,20270117,2
90525,20270102,2
90525,20261117,2
90525,20270101,2
90525,20260501,2
90525,20260504,2
90525,20260623,2
90525,20260624,2
90525,20261118,2
90525,20261224,2
90525,20261225,2
90525,20261226,2
90525,20261231,2
90526,20270117,2
90526,20270102,2
90526,20261117,2
90526,20270101,2
90526,20260501,2
90526,20260504,2
90526,20260623,2
90526,20260624,2
90526,20261118,2
90526,20261224,2
90526,20261225,2
90526,20261226,2
90526,20261231,2
90528,20270117,2
90528,20270102,2
90528,20261117,2
90528,20270101,2
90528,20260501,2
90528,20260504,2
90528,20260623,2
90528,20260624,2
90528,20261118,2
90528,20261224,2
90528,20261225,2
90528,20261226,2
90528,20261231,2
90527,20270117,1
90527,20270102,1
90527,20261117,1
90527,20270101,1
90527,20260501,1
90527,20260504,1
90527,20260623,1
90527,20260624,1
90527,20261118,1
90527,20261224,1
90527,20261225,1
90527,20261226,1
90527,20261231,1
89523,20270117,1
89523,20270102,1
89523,20261117,1
89523,20270101,1
89523,20260501,1
89523,20260504,1
89523,20260623,1
89523,20260624,1
89523,20261118,1
89523,20261224,1
89523,20261225,1
89523,20261226,1
89523,20261231,1
91196,20270117,2
91196,20270102,2
91196,20261117,2
91196,20270101,2
91196,20260501,2
91196,20260504,2
91196,20260623,2
91196,20260624,2
91196,20261118,2
91196,20261224,2
91196,20261225,2
91196,20261226,2
91196,20261231,2
91198,20270117,1
91198,20270102,1
91198,20261117,1
91198,20270101,1
91198,20260501,1
91198,20260504,1
91198,20260623,1
91198,20260624,1
91198,20261118,1
91198,20261224,1
91198,20261225,1
91198,20261226,1
91198,20261231,1
90530,20270117,2
90530,20270102,2
90530,20261117,2
90530,20270101,2
90530,20260501,2
90530,20260504,2
90530,20260623,2
90530,20260624,2
90530,20261118,2
90530,20261224,2
90530,20261225,2
90530,20261226,2
90530,20261231,2
90529,20270117,1
90529,20270102,1
90529,20261117,1
90529,20270101,1
90529,20260501,1
90529,20260504,1
90529,20260623,1
90529,20260624,1
90529,20261118,1
90529,20261224,1
90529,20261225,1
90529,20261226,1
90529,20261231,1
85763,20270117,2
85763,20270102,2
85763,20261117,2
85763,20270101,2
85763,20260501,2
85763,20260504,2
85763,20260623,2
85763,20260624,2
85763,20261118,2
85763,20261224,2
85763,20261225,2
85763,20261226,2
85763,20261231,2
89526,20270117,1
89526,20270102,1
89526,20261117,1
89526,20270101,1
89526,20260501,1
89526,20260504,1
89526,20260623,1
89526,20260624,1
89526,20261118,1
89526,20261224,1
89526,20261225,1
89526,20261226,1
89526,20261231,1
85764,20270117,2
85764,20270102,2
85764,20261117,2
85764,20270101,2
85764,20260501,2
85764,20260504,2
85764,20260623,2
85764,20260624,2
85764,20261118,2
85764,20261224,2
85764,20261225,2
85764,20261226,2
85764,20261231,2
89527,20270117,1
89527,20270102,1
89527,20261117,1
89527,20270101,1
89527,20260501,1
89527,20260504,1
89527,20260623,1
89527,20260624,1
89527,20261118,1
89527,20261224,1
89527,20261225,1
89527,20261226,1
89527,20261231,1
77660,20270117,2
77660,20270102,2
77660,20261117,2
77660,20270101,2
77660,20260501,2
77660,20260504,2
77660,20260623,2
77660,20260624,2
77660,20261118,2
77660,20261224,2
77660,20261225,2
77660,20261226,2
77660,20261231,2
91767,20270117,1
91767,20270102,1
91767,20261117,1
91767,20270101,1
91767,20260501,1
91767,20260504,1
91767,20260623,1
91767,20260624,1
91767,20261118,1
91767,20261224,1
91767,20261225,1
91767,20261226,1
91767,20261231,1
77659,20270117,2
77659,20270102,2
77659,20261117,2
77659,20270101,2
77659,20260501,2
77659,20260504,2
77659,20260623,2
77659,20260624,2
77659,20261118,2
77659,20261224,2
77659,20261225,2
77659,20261226,2
77659,20261231,2
78261,20270117,1
78261,20270102,1
78261,20261117,1
78261,20270101,1
78261,20260501,1
78261,20260504,1
78261,20260623,1
78261,20260624,1
78261,20261118,1
78261,20261224,1
78261,20261225,1
78261,20261226,1
78261,20261231,1
91197,20270117,2
91197,20270102,2
91197,20261117,2
91197,20270101,2
91197,20260501,2
91197,20260504,2
91197,20260623,2
91197,20260624,2
91197,20261118,2
91197,20261224,2
91197,20261225,2
91197,20261226,2
91197,20261231,2
91199,20270117,1
91199,20270102,1
91199,20261117,1
91199,20270101,1
91199,20260501,1
91199,20260504,1
91199,20260623,1
91199,20260624,1
91199,20261118,1
91199,20261224,1
91199,20261225,1
91199,20261226,1
91199,20261231,1
90531,20270117,2
90531,20270102,2
90531,20261117,2
90531,20270101,2
90531,20260501,2
90531,20260504,2
90531,20260623,2
90531,20260624,2
90531,20261118,2
90531,20261224,2
90531,20261225,2
90531,20261226,2
90531,20261231,2
89524,20270117,1
89524,20270102,1
89524,20261117,1
89524,20270101,1
89524,20260501,1
89524,20260504,1
89524,20260623,1
89524,20260624,1
89524,20261118,1
89524,20261224,1
89524,20261225,1
89524,20261226,1
89524,20261231,1
85762,20270117,2
85762,20270102,2
85762,20261117,2
85762,20270101,2
85762,20260501,2
85762,20260504,2
85762,20260623,2
85762,20260624,2
85762,20261118,2
85762,20261224,2
85762,20261225,2
85762,20261226,2
85762,20261231,2
78266,20270117,1
78266,20270102,1
78266,20261117,1
78266,20270101,1
78266,20260501,1
78266,20260504,1
78266,20260623,1
78266,20260624,1
78266,20261118,1
78266,20261224,1
78266,20261225,1
78266,20261226,1
78266,20261231,1
85760,20270117,2
85760,20270102,2
85760,20261117,2
85760,20270101,2
85760,20260501,2
85760,20260504,2
85760,20260623,2
85760,20260624,2
85760,20261118,2
85760,20261224,2
85760,20261225,2
85760,20261226,2
85760,20261231,2
85780,20270117,1
85780,20270102,1
85780,20261117,1
85780,20270101,1
85780,20260501,1
85780,20260504,1
85780,20260623,1
85780,20260624,1
85780,20261118,1
85780,20261224,1
85780,20261225,1
85780,20261226,1
85780,20261231,1
90532,20270117,2
90532,20270102,2
90532,20261117,2
90532,20270101,2
90532,20260501,2
90532,20260504,2
90532,20260623,2
90532,20260624,2
90532,20261118,2
90532,20261224,2
90532,20261225,2
90532,20261226,2
90532,20261231,2
90533,20270117,1
90533,20270102,1
90533,20261117,1
90533,20270101,1
90533,20260501,1
90533,20260504,1
90533,20260623,1
90533,20260624,1
90533,20261118,1
90533,20261224,1
90533,20261225,1
90533,20261226,1
90533,20261231,1
92868,20270117,2
92868,20270102,2
92868,20261117,2
92868,20270101,2
92868,20260501,2
92868,20260504,2
92868,20260623,2
92868,20260624,2
92868,20261118,2
92868,20261224,2
92868,20261225,2
92868,20261226,2
92868,20261231,2
92869,20270117,1
92869,20270102,1
92869,20261117,1
92869,20270101,1
92869,20260501,1
92869,20260504,1
92869,20260623,1
92869,20260624,1
92869,20261118,1
92869,20261224,1
92869,20261225,1
92869,20261226,1
92869,20261231,1